6816
6819
6822
6825
6828
6831
6905
6908
6911
6914
6917
6921
6983
6985
6987
6989
6993
6995
7023
7026
7029
7032
7035
7038
7112
7115
7118
7121
7124
7127
7202
7205
7208
7211
7214
7217
7788
7791
7794
7797
7800
7803
7878
7881
7884
7887
7890
7893
7931
7934
7937
7940
7943
7946
8012
8014
8016
8018
8020
8022
8039
8042
8045
8048
8051
8054
8094
8097
8100
8103
8106
8109
8128
8131
8134
8137
8140
8143
8506
8509
8512
8515
8518
8521
8897
8900
8903
8906
8909
8912
8996
8999
9002
9005
9008
9011
9172
9175
9178
9181
9263
9266
9269
9272
9275
9278
